
SparkFun Test Program ...


-11.85 -1.05 90.45

-11.25 -2.10 90.90

-12.00 -2.10 91.95

-12.45 -3.00 90.45

-10.05 -2.10 90.15

-11.10 -1.50 92.25

-11.85 -1.05 89.70

-12.30 -2.10 90.90

-13.50 -2.40 91.35

-12.15 -1.50 91.50

-11.85 -0.30 92.55

-12.15 -1.05 91.80

-12.00 -1.20 90.90

-12.15 -1.80 91.05

-12.15 -1.80 91.05

-11.25 -2.85 90.60

-13.80 -0.15 92.40

-12.30 -2.40 92.40

-10.05 -1.20 92.70

-11.40 -2.55 91.50

-13.20 -1.05 91.80

-12.45 -1.50 92.25

-12.00 -1.65 91.95

-12.00 -1.20 90.60

-12.45 -0.75 90.45

-12.30 -1.65 91.35

-10.35 -1.05 91.05

-11.10 -1.05 92.55

-13.05 -0.90 91.95

-12.75 -0.15 92.40

-12.15 -0.75 91.05

-11.40 -2.25 92.55

-11.40 -1.80 93.00

-12.75 -1.65 92.40

-13.05 -0.90 92.70

-11.55 00.15 92.40

-12.15 -0.75 93.30

-11.85 -1.80 93.00

-11.25 -0.15 94.20

-12.00 -1.20 91.95

-12.00 -0.45 92.40

-11.85 -0.75 93.00

-11.85 -1.05 91.80

-11.85 -0.30 92.25

-12.75 -0.15 92.70

-12.15 -1.05 92.55

-12.00 -1.20 92.70

-11.85 -0.75 92.55

-11.85 -3.00 91.80

-10.65 -0.75 93.30

-10.50 -1.20 92.70

-10.80 -0.90 93.45

-11.55 00.90 93.45

-12.15 -2.25 94.80

-11.10 -1.80 93.30

-12.30 -1.20 93.45

-12.00 -1.65 93.45

-12.90 -0.75 93.60

-12.00 -1.20 93.45

-11.85 -0.75 92.25

-13.05 -1.05 93.00

-11.40 -1.50 93.60

-11.25 -2.10 93.15

-12.45 -1.80 92.55

-12.15 -2.55 93.60

-11.40 00.30 93.30

-12.00 -0.15 92.70

-10.65 -2.25 93.60

-11.85 -1.50 94.05

-11.85 -1.50 92.55

-12.45 -2.25 92.25

-11.55 -2.85 93.90

-12.75 -0.45 93.15

-10.65 -1.80 93.30

-11.85 -1.50 93.60

-12.90 -1.50 93.00

-11.40 -1.50 93.00

-11.25 -2.40 93.15

-11.40 -1.50 93.60

-12.00 -2.40 91.35

-12.00 -0.90 93.15

-11.85 -1.05 93.00

-12.75 -2.10 92.70

-11.10 -1.50 93.30

-11.40 -0.30 93.30

-11.85 -2.25 94.05

-11.55 -1.65 92.40

-11.55 -1.65 92.70

-12.75 -0.90 91.95

-13.50 -1.65 92.70

-12.45 -1.50 92.25

-11.55 -0.90 90.60

-11.10 -1.80 91.50

-11.25 -0.90 91.65

-13.65 -1.80 91.05

-12.90 -1.50 91.05

-12.15 -1.05 90.75

-12.45 -1.80 90.45

-12.00 -0.45 92.70

-12.90 -1.05 90.00

-11.40 -1.05 91.50

-11.85 -1.80 91.05

-12.00 -2.10 91.65

-12.30 -0.90 89.85

-13.20 -1.80 91.80

-12.15 -1.50 91.80

-12.45 -2.25 91.80

-12.00 -2.85 90.90

-12.75 -1.65 91.65

-13.50 -0.15 91.95

-10.50 -0.45 91.35

-11.85 -2.55 92.25

-13.05 -1.65 91.35

-12.75 -2.10 92.40

-13.05 -0.45 91.95

-12.00 -1.65 92.40

-12.00 -1.65 92.40

-13.05 -2.10 92.70

-12.15 -1.05 90.75

-11.40 -1.50 92.25

-11.40 -1.05 92.25

-13.80 -2.40 91.95

-11.10 -0.75 92.55

-11.85 -1.05 91.80

-11.85 -1.80 91.50

-12.00 -0.15 91.65

-12.45 -1.50 91.50

-11.10 -0.30 91.80

-11.25 -0.90 92.70

-12.45 -3.00 92.55

-12.30 -3.15 90.90

-12.30 -0.90 91.35

-12.00 -2.10 91.95

-12.15 -1.05 91.50

-12.00 -2.10 91.35

-11.85 -1.80 92.25

-11.55 00.15 91.95

-12.15 -1.05 90.75

-11.55 -1.20 89.40

-9.90 -2.55 90.75

-12.90 -1.50 90.45

-13.80 -0.90 90.15

-11.25 -2.10 91.35

-12.15 -0.75 89.25

-12.30 -2.40 91.35

-11.55 -0.90 90.90

-11.55 -1.65 91.65

-12.00 -0.90 91.35

-11.85 -1.80 92.25

-13.05 00.15 91.35

-11.10 -0.75 90.75

-13.05 -1.65 90.15

-11.40 -1.50 91.80

-12.15 -2.55 90.75

-10.80 -2.10 91.35

-13.65 -2.55 91.80

-12.90 00.00 91.50

-11.10 -1.50 91.05

-13.50 -0.90 91.95

-11.25 -1.65 89.85

-12.75 -0.90 91.65

-11.55 -2.10 91.35

-11.40 -0.75 91.50

-11.40 -1.80 91.80

-12.15 -0.30 91.05

-12.75 -1.20 91.35

-12.00 -1.65 90.60

-12.00 -1.65 90.15

-12.90 -2.55 91.50

-12.75 -2.40 89.85

-11.10 -2.55 91.05

-12.30 -1.65 91.65

-11.40 -2.25 92.25

-12.15 -1.80 91.80

-13.05 -2.10 90.60

-11.40 -1.05 90.75

-11.85 -2.25 92.25

-12.15 -1.80 90.45

-11.40 -1.50 91.05

-12.90 -1.05 91.05

-13.20 00.30 90.75

-12.00 -1.65 91.95

-13.05 -2.10 91.95

-10.50 -2.40 91.95

-12.45 -0.30 90.45

-12.90 -1.80 91.50

-10.80 -0.90 91.35

-12.00 -2.85 91.35

-11.55 -2.10 91.35

-10.35 -0.75 91.50

-12.00 -0.90 91.65

-12.75 -0.15 91.65

-13.80 -2.10 91.65

-13.50 -1.65 90.15

-12.45 00.00 91.05

-12.15 -2.55 92.55

-12.15 -1.80 91.80

-13.80 -0.90 90.90

-12.90 -1.80 90.45

-11.55 -0.90 91.35

-11.85 -3.00 91.50

-11.55 -1.65 92.70

-12.15 -1.80 92.55

-12.75 -0.90 91.35

-13.05 -0.90 91.95

-11.10 -2.25 92.25

-12.90 -1.80 92.25

-13.05 -2.40 89.85

-10.05 -1.65 90.90

-9.60 00.00 92.25

-12.15 -1.50 90.45

-11.55 -1.65 90.60

-12.45 -1.50 90.45

-12.90 -1.80 91.50

-11.85 -1.50 90.75

-12.30 -2.10 91.35

-12.00 -1.65 91.35

-14.25 -1.20 91.35

-12.30 00.15 91.65

-12.00 -1.65 91.35

-12.00 -2.85 91.95

-11.85 -1.80 92.55

-13.05 -1.65 90.90

-12.00 -0.45 92.40

-11.25 -1.20 90.90

-11.10 -1.05 91.05

-11.40 00.00 90.75

-11.85 -2.25 91.05

-11.25 -2.85 92.40

-12.75 -1.65 90.60

-11.25 -0.15 92.40

-11.55 -1.65 90.90

-12.00 -2.10 91.65

-11.85 -1.50 90.00

-11.40 -1.05 91.05

-11.85 -1.05 90.75

-13.95 -1.05 89.70

-11.55 -2.40 91.65

-11.85 -0.75 91.50

-12.75 -0.90 90.60

-12.75 -2.40 91.95

-13.05 -1.20 92.40

-10.65 -3.00 91.80

-12.00 -1.65 90.90

-12.45 -0.75 91.50

-11.85 -0.75 90.45

-11.40 -2.25 90.45

-10.35 -3.00 91.05

-12.00 -0.15 91.65

-12.90 -1.50 90.75

-11.40 -2.55 91.05

-11.85 -1.05 91.05

-13.20 -1.05 90.75

-13.95 -1.80 92.25

-12.00 -1.65 89.40

-12.75 -0.45 90.60

-11.40 -1.05 91.05

-12.75 -0.90 93.15

-12.45 -1.80 90.75

-12.30 -2.10 91.35

-11.40 -3.45 91.80

-11.55 -1.65 91.35

-11.55 -2.85 90.90

-10.50 -2.10 91.95

Ending Example 1
