
SparkFun Test Program ...


24.60 -11.25 90.60

24.75 -11.10 89.40

23.25 -11.25 90.00

24.60 -10.05 90.60

24.75 -9.60 90.15

26.40 -9.75 90.00

24.30 -10.50 89.55

24.60 -10.50 90.30

23.85 -10.05 91.05

25.95 -11.10 89.10

23.85 -10.50 91.80

22.95 -9.15 90.15

24.75 -11.10 91.95

24.60 -9.75 90.30

25.50 -11.85 90.15

25.95 -9.15 91.50

23.70 -10.35 89.70

22.95 -9.90 88.65

23.25 -11.25 90.60

25.20 -11.40 89.40

23.70 -11.85 90.15

23.25 -10.05 88.80

24.45 -10.35 90.15

24.30 -10.80 89.25

25.05 -10.80 90.60

23.40 -12.60 89.40

23.85 -11.25 90.60

23.85 -9.75 89.55

23.85 -10.05 90.30

25.95 -11.10 90.45

24.60 -9.30 90.00

25.05 -9.75 89.55

24.60 -9.00 90.00

25.05 -10.50 89.55

26.10 -10.50 90.00

24.45 -10.35 88.65

25.20 -12.60 89.10

24.45 -9.90 89.40

23.85 -10.50 89.25

25.35 -10.80 91.35

24.75 -10.35 90.90

25.35 -9.00 89.55

23.70 -11.85 89.70

26.10 -10.80 89.25

23.40 -11.40 90.90

24.75 -10.65 89.70

24.30 -9.75 89.25

24.30 -10.80 90.60

23.55 -10.80 89.25

23.70 -8.85 89.70

25.05 -9.30 88.80

24.15 -12.60 90.45

25.50 -9.90 89.70

25.20 -11.10 91.50

22.50 -9.75 90.60

23.70 -9.15 90.15

24.30 -10.50 90.30

24.30 -10.50 88.80

23.85 -12.45 91.80

24.30 -10.50 90.60

24.15 -9.90 89.70

24.75 -12.60 88.35

24.15 -10.35 89.10

25.05 -10.80 90.00

24.60 -9.30 89.25

24.15 -11.10 90.45

24.30 -10.50 89.25

24.75 -11.40 89.70

24.75 -10.65 89.40

25.05 -10.05 90.00

25.65 -9.00 90.30

23.55 -11.55 90.00

24.15 -10.65 89.10

22.95 -12.15 88.65

24.45 -11.40 89.40

24.45 -9.90 90.45

24.15 -11.10 88.65

22.95 -10.65 90.15

25.65 -10.80 89.55

24.60 -10.80 89.55

23.55 -12.45 90.00

25.65 -11.25 90.00

25.35 -10.05 89.55

25.35 -10.80 91.35

24.75 -11.40 89.70

25.05 -10.05 90.00

24.30 -10.80 91.05

25.65 -9.75 89.25

22.50 -9.00 89.55

22.95 -10.35 90.15

24.45 -9.90 90.15

25.05 -10.05 90.00

24.60 -9.00 90.30

25.05 -10.50 89.55

25.20 -11.10 89.70

22.95 -12.15 89.70

24.75 -10.65 90.15

23.55 -10.50 89.25

25.50 -9.60 89.70

24.45 -9.60 89.10

25.65 -9.75 90.30

24.60 -12.00 89.25

25.35 -12.00 90.00

23.55 -10.05 89.25

23.85 -10.50 89.55

24.30 -10.50 90.60

24.15 -11.40 89.70

25.35 -9.75 90.30

23.70 -11.85 89.10

24.60 -10.05 88.80

23.40 -10.65 89.40

24.30 -9.30 88.50

24.75 -10.35 89.10

24.75 -11.10 89.10

23.85 -10.50 89.55

22.20 -8.85 89.10

24.60 -10.05 89.25

22.80 -12.75 90.30

23.70 -11.10 91.50

23.85 -10.05 89.55

23.70 -10.35 89.70

24.60 -11.25 89.55

23.85 -9.75 88.80

23.55 -11.25 90.00

24.60 -10.05 90.60

24.60 -11.25 89.25

24.30 -9.00 90.00

24.60 -10.50 88.50

26.40 -10.05 88.50

25.05 -10.50 90.00

24.60 -10.50 89.55

22.20 -9.90 89.10

25.95 -10.65 89.70

25.95 -11.85 89.40

25.05 -9.75 90.00

24.30 -10.50 90.60

24.30 -10.80 89.55

25.05 -9.30 90.00

23.70 -11.40 89.40

24.60 -10.50 90.00

25.35 -11.55 90.30

25.35 -10.50 88.80

23.55 -10.80 90.00

24.45 -10.65 87.90

22.65 -10.35 90.15

24.60 -11.25 91.35

24.75 -9.90 89.10

24.30 -11.25 90.30

24.45 -8.85 89.40

25.05 -11.25 89.25

24.75 -10.35 90.45

23.70 -10.35 89.10

25.50 -11.10 89.70

25.50 -11.85 90.90

25.05 -11.25 88.50

24.15 -9.15 90.45

25.05 -11.25 90.30

23.70 -10.65 90.15

24.45 -10.35 90.45

26.10 -11.55 90.00

24.75 -10.65 89.70

24.75 -11.10 89.40

23.85 -11.55 90.30

25.50 -10.35 89.10

25.05 -11.55 89.25

25.20 -11.10 89.70

23.55 -10.50 90.30

23.40 -10.65 89.70

23.25 -10.80 90.30

23.85 -10.80 88.80

24.15 -9.90 91.50

24.15 -10.35 90.15

24.15 -10.65 90.45

24.60 -10.05 90.00

23.70 -9.60 90.45

22.95 -10.35 91.50

25.05 -9.00 89.25

24.30 -10.50 90.30

23.25 -10.50 90.30

25.05 -11.25 91.35

23.85 -9.30 90.00

25.65 -10.80 89.55

24.45 -10.35 90.90

25.05 -9.75 89.25

23.85 -9.75 89.55

26.40 -11.25 88.50

23.25 -9.30 90.60

25.35 -11.55 90.00

24.30 -9.75 89.55

24.75 -11.10 89.40

23.25 -10.05 89.55

25.35 -11.25 90.00

24.30 -11.25 90.30

22.95 -11.40 89.40

25.65 -10.80 90.00

23.85 -8.25 88.50

25.05 -10.50 89.25

23.85 -11.25 90.60

25.35 -10.50 88.80

25.05 -11.25 90.60

24.45 -12.15 89.40

24.30 -9.75 90.60

24.15 -11.10 89.70

25.05 -11.25 89.25

22.65 -10.65 89.70

25.50 -10.65 90.15

22.50 -11.25 90.60

23.70 -9.90 88.35

23.70 -10.35 88.35

25.50 -10.65 90.15

24.45 -8.40 90.45

25.05 -10.50 89.55

25.20 -9.15 89.70

23.40 -10.65 89.10

23.25 -10.05 89.55

23.55 -11.55 90.30

23.70 -10.65 89.40

24.75 -9.90 89.70

26.10 -10.80 88.50

23.25 -10.80 91.05

25.95 -10.65 90.15

24.15 -11.10 89.40

25.20 -10.65 90.15

23.25 -10.05 87.45

25.20 -10.65 89.40

25.20 -9.90 89.40

22.95 -9.90 89.70

25.65 -11.25 90.30

25.05 -9.30 89.25

24.60 -11.25 90.30

24.60 -10.80 89.25

25.05 -10.50 91.80

25.20 -9.90 89.40

26.10 -10.05 89.55

24.45 -10.65 90.15

24.45 -11.10 89.10

25.35 -10.80 90.00

23.70 -10.35 90.90

25.65 -10.80 89.55

24.60 -10.05 89.55

25.20 -10.35 88.65

23.40 -12.15 89.40

24.15 -10.35 90.45

23.40 -9.15 89.10

25.05 -11.25 89.25

25.65 -9.30 90.60

23.55 -11.25 89.55

27.15 -10.50 90.00

25.20 -10.35 89.70

24.15 -10.65 90.15

25.95 -9.90 90.15

25.35 -10.80 89.25

23.40 -10.35 89.70

24.45 -9.60 88.65

24.45 -10.65 89.10

24.30 -12.45 90.00

25.05 -11.25 89.55

22.95 -10.35 90.15

25.50 -9.60 90.45

22.95 -11.40 90.90

25.05 -11.25 89.55

23.55 -9.30 89.25

24.60 -10.50 91.35

24.75 -11.40 90.15

23.70 -10.35 90.45

24.75 -9.15 89.70

24.60 -10.80 90.00

25.65 -10.05 89.55

24.45 -11.40 90.90

25.35 -10.50 90.30

25.35 -10.80 90.30

25.05 -9.75 90.00

23.25 -9.75 89.55

24.45 -11.40 89.70

25.05 -9.75 90.00

23.85 -10.80 90.60

25.35 -11.55 90.00

24.30 -9.75 91.35

23.40 -10.65 90.45

23.55 -9.75 90.30

23.25 -10.50 90.30

25.35 -10.50 89.55

24.60 -10.80 90.30

26.70 -11.10 90.45

24.45 -10.65 90.15

23.85 -10.05 88.80

25.35 -12.75 89.25

23.85 -11.25 91.35

24.30 -10.50 89.25

24.75 -11.40 89.40

23.40 -9.60 89.10

24.30 -9.30 90.30

24.15 -10.35 90.45

23.55 -10.50 90.30

25.05 -11.25 90.00

24.60 -11.25 89.25

25.35 -11.55 90.30

24.45 -10.35 89.40

23.25 -9.30 90.30

23.25 -10.05 89.25

23.70 -10.35 88.35

25.05 -8.55 90.00

22.80 -9.30 90.00

25.20 -10.65 89.70

23.85 -10.50 89.25

23.85 -10.05 89.25

27.60 -10.05 89.55

25.95 -11.40 90.90

24.15 -10.65 90.90

24.45 -11.10 90.45

25.05 -8.25 89.55

24.30 -11.25 90.60

24.75 -11.10 90.45

24.30 -11.55 90.30

24.60 -10.05 90.00

24.45 -10.35 89.70

25.05 -9.75 90.60

25.05 -12.00 89.25

24.75 -10.35 89.40

24.45 -10.35 89.40

24.15 -9.60 89.70

24.60 -9.75 89.55

22.65 -9.60 91.50

24.30 -10.50 90.60

23.85 -10.50 90.60

24.60 -10.80 90.00

23.70 -11.40 90.15

23.70 -9.60 90.15

24.30 -10.05 88.80

25.05 -10.05 90.60

23.25 -9.00 90.00

24.45 -9.60 89.10

25.20 -11.10 91.20

24.15 -9.15 90.45

23.85 -12.45 90.00

22.95 -11.40 89.10

25.35 -10.50 90.00

22.95 -10.65 89.70

23.85 -11.55 90.00

23.40 -9.60 89.70

23.25 -9.75 89.55

24.15 -9.90 89.70

25.95 -11.85 89.70

23.70 -9.60 91.20

24.60 -9.75 89.25

24.75 -10.65 90.45

24.75 -10.65 90.15

23.70 -10.35 90.15

23.25 -9.30 90.00

24.30 -10.80 90.30

25.35 -9.75 89.55

24.75 -11.10 89.70

23.85 -9.00 89.25

22.95 -11.85 90.90

26.10 -10.50 89.55

25.20 -11.40 89.10

25.50 -9.60 89.40

25.65 -10.80 90.00

24.45 -10.35 90.45

22.65 -10.35 90.45

23.25 -11.55 90.30

24.45 -10.35 89.70

24.75 -11.40 90.15

22.95 -9.15 87.90

24.60 -10.50 90.00

24.45 -8.40 89.70

24.30 -11.25 90.30

23.85 -10.80 88.50

24.15 -10.65 89.40

24.75 -11.85 89.40

23.85 -11.55 90.60

25.50 -9.60 90.15

23.55 -10.50 90.30

24.45 -11.85 91.50

24.45 -9.15 91.95

24.75 -10.65 89.40

24.30 -11.25 89.55

24.30 -10.50 90.30

25.20 -9.15 90.15

24.60 -9.75 90.00

23.70 -10.65 89.70

23.70 -9.60 89.10

25.50 -9.90 91.50

25.20 -9.15 90.45

24.75 -10.65 89.70

22.65 -9.15 90.90

24.60 -10.50 91.05

25.20 -10.65 89.10

25.65 -9.30 90.60

25.20 -9.15 90.15

22.65 -10.35 89.10

25.35 -10.50 90.30

23.70 -9.90 89.70

24.45 -9.90 89.40

23.55 -10.50 90.60

23.85 -9.75 90.60

24.30 -10.05 91.05

25.50 -10.65 90.15

25.20 -9.15 90.45

23.25 -10.50 89.55

23.25 -11.25 89.25

23.70 -10.65 89.10

25.35 -9.75 90.00

24.75 -8.85 89.70

24.30 -10.50 90.00

23.85 -10.50 90.60

25.35 -10.50 91.35

24.45 -10.35 91.20

24.75 -10.65 90.45

24.15 -9.90 90.45

22.95 -11.85 90.90

24.60 -10.80 91.05

24.30 -10.50 90.60

25.65 -9.75 90.30

23.85 -9.75 90.30

24.30 -11.25 91.80

24.60 -9.75 90.30

23.55 -9.00 90.00

24.30 -11.55 90.00

25.95 -11.10 89.70

25.20 -11.40 90.15

25.35 -10.05 90.00

23.85 -10.50 90.00

25.50 -11.10 90.45

23.85 -11.25 90.30

23.40 -9.90 89.70

24.30 -10.50 90.60

24.75 -10.35 90.90

24.75 -11.10 91.20

25.20 -10.65 89.70

24.15 -10.35 91.95

23.85 -10.80 91.35

25.05 -10.50 89.25

23.55 -9.75 90.30

23.85 -11.25 89.55

24.60 -10.50 89.55

25.65 -8.55 89.55

23.25 -9.30 91.05

25.05 -11.25 91.35

25.35 -10.50 90.60

25.20 -10.35 91.20

24.60 -9.30 90.60

23.40 -9.90 89.70

23.55 -10.50 92.40

23.70 -9.15 91.20

25.50 -9.60 89.70

23.85 -10.05 90.30

25.35 -10.50 91.05

25.95 -10.35 90.90

25.05 -9.30 90.60

24.15 -9.15 91.20

25.20 -11.10 91.20

24.45 -10.65 90.45

23.85 -9.30 89.25

26.10 -9.00 91.80

25.50 -11.10 90.90

24.75 -10.65 90.45

23.85 -10.80 90.60

24.75 -12.15 90.15

23.40 -9.90 91.20

25.05 -10.80 90.60

25.35 -9.75 90.30

24.75 -9.90 91.95

23.70 -11.85 90.90

23.70 -10.35 89.40

24.30 -9.00 90.00

23.85 -10.50 91.05

25.05 -10.80 91.05

23.55 -9.30 90.60

24.75 -11.10 90.15

23.85 -10.50 91.05

24.75 -10.65 90.45

24.15 -10.35 91.20

25.35 -10.50 90.60

24.45 -9.90 90.90

25.50 -11.10 90.90

24.15 -9.90 91.50

25.35 -11.25 91.80

25.50 -10.35 90.45

24.45 -9.60 91.50

24.45 -11.40 91.20

23.40 -9.90 90.90

25.95 -11.85 89.70

23.25 -9.30 90.60

24.75 -10.35 90.45

24.75 -10.35 91.20

24.15 -11.40 89.40

25.50 -9.90 91.50

24.75 -9.90 90.90

25.50 -9.90 91.20

24.75 -10.65 90.45

23.55 -10.05 91.35

24.60 -10.05 90.00

25.35 -10.05 90.60

25.05 -12.00 90.60

23.85 -10.50 91.05

23.85 -9.30 90.00

25.05 -10.50 91.05

23.55 -9.75 90.60

23.25 -12.45 91.05

24.75 -10.65 91.50

24.30 -10.05 91.35

25.50 -9.90 90.90

22.95 -11.40 91.20

24.45 -11.85 91.95

24.30 -10.80 91.80

24.30 -9.30 90.60

24.60 -10.05 91.05

24.60 -10.50 91.80

26.40 -9.75 90.30

24.15 -10.35 91.20

24.15 -9.15 90.90

23.25 -9.30 90.30

25.05 -10.50 90.60

24.30 -9.75 90.30

25.20 -11.85 91.50

23.25 -10.05 90.30

23.70 -9.15 91.50

24.60 -10.05 90.60

24.15 -10.65 91.50

24.60 -9.75 90.60

24.75 -10.35 91.50

24.75 -10.65 90.15

24.15 -10.35 89.70

24.60 -9.75 90.60

23.40 -9.90 90.45

22.65 -11.40 91.20

25.65 -11.55 91.05

25.05 -10.50 90.30

25.65 -9.75 91.35

23.70 -11.10 90.15

24.15 -11.10 90.45

23.70 -10.65 91.20

25.95 -9.90 90.45

23.70 -9.90 89.70

24.30 -9.30 90.00

25.65 -10.50 91.05

25.20 -10.35 90.90

24.30 -10.05 90.30

24.15 -9.15 90.90

24.15 -10.65 91.50

23.85 -11.25 89.55

23.25 -11.55 91.05

25.50 -11.40 90.45

24.15 -10.35 90.90

22.20 -9.60 90.45

24.15 -8.85 90.45

24.75 -9.90 90.90

23.40 -11.40 89.70

23.55 -11.25 91.05

24.60 -10.05 91.05

23.25 -10.05 90.60

24.30 -10.05 90.00

23.85 -10.50 90.60

24.15 -10.35 90.15

25.05 -11.55 91.05

25.65 -10.80 88.80

23.25 -11.25 91.35

24.15 -9.90 89.70

24.15 -10.35 90.15

24.75 -11.40 90.45

23.55 -10.50 90.30

24.45 -9.60 90.90

24.60 -10.05 91.35

25.35 -10.80 91.05

23.70 -12.60 90.90

24.30 -10.50 91.05

23.25 -10.50 92.40

25.65 -10.05 90.30

24.30 -10.50 92.10

23.70 -11.10 91.20

25.20 -11.10 90.45

24.30 -9.30 89.25

22.95 -10.35 91.20

24.15 -9.90 90.45

22.80 -10.05 90.30

25.35 -11.55 90.30

24.15 -9.15 91.50

24.60 -10.05 90.30

24.60 -10.80 91.05

23.85 -11.55 90.00

25.05 -10.80 90.30

24.75 -9.60 90.90

24.30 -10.50 90.60

24.30 -11.55 91.80

24.75 -10.35 90.90

24.60 -9.75 92.10

24.15 -10.35 90.45

24.75 -9.90 90.90

24.45 -10.65 89.40

23.70 -8.85 90.45

23.40 -12.15 90.15

23.55 -9.75 90.30

24.60 -8.25 90.00

25.05 -10.80 90.00

22.80 -11.25 90.00

26.85 -11.25 92.10

24.45 -10.35 90.15

24.45 -10.65 90.15

23.85 -10.80 90.00

24.60 -9.75 91.80

23.25 -10.80 91.80

24.15 -9.90 90.45

23.85 -9.30 90.30

25.35 -11.25 90.30

25.35 -10.80 90.00

24.15 -11.10 89.10

25.20 -9.90 89.10

24.15 -10.35 90.90

25.20 -10.65 90.15

24.45 -9.90 90.15

25.65 -11.25 89.55

23.55 -9.75 89.55

24.15 -11.10 91.20

25.20 -10.35 90.90

24.60 -11.25 90.60

23.85 -9.30 91.35

25.20 -9.60 90.45

25.05 -9.75 91.05

25.20 -10.35 90.45

24.45 -9.15 89.70

25.95 -10.35 90.90

25.65 -9.75 91.35

23.70 -10.35 90.90

25.20 -11.10 90.45

23.85 -9.00 89.55

24.45 -10.65 89.40

24.60 -10.05 88.80

24.30 -10.05 90.00

25.05 -11.25 91.35

24.45 -9.60 90.45

25.05 -9.00 89.25

23.70 -9.90 89.70

24.60 -10.50 89.55

24.30 -10.80 90.00

25.05 -10.50 90.00

25.05 -9.30 91.35

25.05 -10.50 90.00

25.50 -9.15 88.65

25.20 -10.35 90.90

25.20 -10.65 90.45

25.35 -9.75 88.80

24.75 -10.35 90.45

25.20 -9.60 90.15

25.20 -11.10 90.45

23.55 -10.50 91.05

25.05 -10.50 90.00

23.85 -11.55 90.30

24.45 -10.35 90.15

25.05 -9.30 90.60

24.60 -9.30 90.30

25.20 -9.90 91.20

23.85 -11.25 90.30

25.20 -9.60 90.90

23.40 -9.90 90.90

25.65 -9.75 90.30

23.25 -9.75 90.30

24.45 -11.10 91.20

24.75 -11.10 90.15

24.75 -9.60 91.95

25.05 -9.30 91.35

24.45 -10.65 91.95

24.60 -9.30 90.60

23.55 -9.30 91.05

24.30 -12.00 90.00

22.05 -10.50 90.30

25.35 -10.05 90.00

23.40 -12.15 90.45

24.45 -10.35 91.50

24.60 -10.50 91.35

24.15 -12.15 91.20

25.20 -11.40 90.15

25.20 -10.65 90.90

24.45 -11.85 91.20

22.95 -10.65 89.70

24.60 -10.50 90.30

23.70 -9.60 90.45

25.95 -10.65 90.45

25.05 -11.55 91.05

24.45 -10.65 90.15

22.95 -8.40 91.20

23.70 -9.90 89.40

25.65 -9.00 91.05

24.15 -10.65 90.45

24.60 -9.75 89.55

27.00 -10.65 89.10

24.15 -9.60 90.90

23.70 -10.65 89.40

25.95 -9.90 90.90

24.75 -10.65 89.40

23.25 -9.30 88.80

24.15 -11.10 90.15

23.55 -12.00 89.55

23.85 -10.80 89.25

24.60 -11.25 90.30

23.70 -10.35 89.40

24.75 -10.65 91.20

25.50 -9.90 90.15

23.70 -9.90 90.15

25.35 -10.05 90.00

23.70 -10.65 90.90

25.95 -9.15 90.15

22.80 -9.75 89.25

24.75 -10.65 90.90

24.15 -10.35 90.15

24.30 -10.05 91.05

26.25 -11.10 90.15

25.20 -11.10 89.40

24.15 -9.90 89.70

23.85 -10.05 89.55

24.60 -10.50 89.55

22.05 -10.05 91.80

26.10 -11.25 90.00

24.75 -9.15 90.90

24.60 -10.50 90.00

24.75 -9.90 90.90

25.05 -11.25 89.55

25.05 -10.50 90.00

22.95 -10.65 88.65

24.30 -10.05 91.05

22.95 -9.15 89.70

24.60 -11.25 89.55

23.70 -10.65 89.70

23.55 -11.55 91.05

24.45 -11.10 89.70

23.25 -10.05 90.00

23.70 -9.90 91.50

24.75 -9.90 89.40

24.75 -12.15 90.15

23.70 -11.40 89.40

23.70 -9.60 89.10

22.95 -10.35 91.50

24.45 -10.35 89.70

24.45 -10.35 90.90

25.95 -11.10 89.70

24.15 -11.40 89.10

25.05 -9.75 90.30

23.25 -10.50 90.30

25.65 -11.25 90.60

24.75 -11.10 88.65

Ending Example 1
