
Waveshare Test Program ...


25.05 09.90 -92.74

24.32 10.03 -93.00

24.52 09.71 -92.79

25.22 09.56 -92.42

24.45 09.49 -92.40

24.69 09.45 -92.02

24.39 09.75 -91.74

24.69 10.50 -89.94

24.34 10.41 -89.79

24.38 10.05 -90.69

24.19 10.03 -90.17

24.28 10.14 -89.89

24.06 10.22 -90.34

24.88 10.95 -89.42

24.39 10.20 -90.28

24.62 10.29 -90.36

24.58 10.41 -90.36

24.39 09.94 -89.96

24.60 10.14 -91.35

24.96 10.03 -91.58

24.73 10.20 -92.23

24.38 10.44 -90.84

24.38 10.44 -90.51

24.17 09.79 -90.52

24.41 09.79 -90.47

24.38 10.76 -90.49

24.62 10.07 -90.36

24.77 10.39 -90.22

24.41 10.29 -90.21

24.75 10.37 -89.62

24.39 10.52 -90.26

24.81 10.11 -90.02

24.75 10.29 -90.22

24.90 10.18 -90.38

24.39 10.67 -89.68

24.32 10.56 -89.76

25.12 10.20 -90.21

24.86 10.95 -90.22

24.45 10.11 -89.70

24.43 09.79 -90.02

24.88 10.29 -90.09

24.52 10.37 -89.81

23.98 10.03 -89.92

24.51 09.90 -90.09

24.97 09.97 -89.92

25.20 10.37 -90.06

24.64 10.42 -90.09

24.58 10.78 -89.96

24.66 10.14 -89.96

24.38 10.28 -90.09

24.56 09.92 -90.19

24.26 10.35 -90.22

24.34 10.22 -90.26

24.69 09.97 -90.32

24.11 10.12 -90.17

24.52 10.48 -89.94

24.30 10.67 -89.76

24.39 10.09 -90.13

24.28 10.35 -89.77

24.32 10.26 -90.24

24.47 11.03 -90.06

24.47 10.42 -89.96

24.51 10.48 -89.74

24.36 09.97 -90.02

24.47 10.46 -89.44

24.41 10.37 -89.61

24.41 10.44 -90.02

24.73 10.65 -89.72

23.77 10.69 -89.55

24.45 10.48 -89.91

24.45 10.31 -89.96

24.21 10.28 -89.19

24.24 10.22 -89.91

24.97 10.29 -89.25

24.81 10.29 -89.81

24.28 10.31 -89.91

24.28 10.99 -89.76

24.06 10.26 -88.84

24.68 10.48 -89.25

24.68 10.54 -89.85

24.84 09.66 -90.09

24.49 09.92 -89.91

24.58 10.37 -90.02

24.00 09.96 -89.94

24.68 10.33 -90.17

24.64 10.28 -90.43

24.75 09.75 -90.21

24.38 10.07 -90.69

24.13 10.33 -90.54

24.99 09.84 -90.99

24.30 10.65 -91.35

24.49 10.39 -91.03

24.68 09.92 -91.01

24.58 10.33 -90.52

24.30 10.07 -90.79

24.28 10.09 -91.27

24.56 09.64 -91.20

24.52 10.50 -91.14

24.81 09.60 -91.20

24.49 09.66 -91.37

24.84 10.07 -91.63

24.24 09.77 -91.18

24.49 10.09 -90.99

24.90 09.81 -91.26

24.52 09.69 -90.99

24.66 09.94 -91.61

24.49 09.86 -91.16

24.47 09.30 -90.56

24.79 09.60 -91.50

24.51 09.81 -91.42

24.38 09.51 -90.73

24.86 10.29 -91.33

24.75 09.82 -91.07

24.75 09.97 -91.46

25.11 10.33 -91.24

24.52 09.64 -91.12

24.54 09.71 -91.48

24.45 10.14 -91.44

24.17 10.11 -92.10

24.62 10.01 -91.58

25.03 09.82 -91.84

24.81 10.09 -91.63

24.77 09.75 -90.84

24.28 10.28 -90.13

24.94 10.07 -90.26

24.79 09.84 -89.96

24.43 09.51 -90.11

24.56 09.84 -90.06

24.21 10.28 -90.17

24.86 09.66 -89.61

24.54 09.73 -89.89

24.75 10.63 -90.13

24.24 10.28 -89.94

24.24 09.82 -90.02

24.81 10.28 -90.45

24.77 09.97 -90.24

24.13 10.20 -90.24

24.30 10.37 -90.56

24.69 09.67 -90.64

24.51 10.09 -90.62

24.69 10.26 -91.03

24.39 09.77 -91.24

24.47 09.84 -91.50

24.52 09.77 -91.50

24.38 09.73 -91.63

24.90 09.77 -91.69

25.07 10.07 -91.71

25.37 09.79 -92.44

24.47 09.60 -92.04

24.64 10.12 -91.95

24.75 09.47 -91.95

24.90 10.59 -91.52

24.19 09.67 -90.54

24.56 10.18 -90.66

24.32 09.73 -90.30

24.21 10.09 -90.66

24.69 10.61 -90.47

24.11 10.44 -90.30

24.39 09.47 -90.28

24.66 10.20 -90.62

24.13 10.09 -91.01

24.86 10.33 -90.39

24.28 10.14 -90.49

24.28 10.29 -90.11

24.96 10.41 -91.72

24.26 09.88 -91.58

24.69 09.71 -91.69

24.06 09.69 -91.99

24.81 09.92 -92.14

24.84 09.49 -91.88

24.58 09.90 -91.33

24.68 09.66 -92.01

24.45 10.07 -91.37

24.06 09.82 -92.29

24.86 10.01 -92.12

24.36 10.26 -90.60

24.21 10.12 -90.66

24.19 10.22 -90.75

24.24 09.99 -90.21

24.66 10.33 -90.54

24.64 10.37 -90.71

24.45 10.74 -90.79

24.49 10.39 -90.58

24.97 10.28 -90.54

24.06 10.41 -90.94

24.21 10.35 -90.38

24.49 10.05 -90.21

24.21 10.48 -90.64

24.51 10.12 -90.08

24.43 10.39 -90.26

24.64 10.01 -90.26

24.41 10.24 -90.73

24.60 10.16 -90.66

24.58 10.20 -90.66

24.49 10.88 -90.02

24.49 10.31 -90.22

23.89 10.11 -90.15

24.81 10.26 -90.28

24.96 10.33 -90.67

24.60 09.97 -90.51

24.38 10.28 -90.43

24.71 09.81 -90.49

24.47 10.50 -90.56

24.71 10.20 -90.60

24.02 10.28 -90.08

24.56 10.54 -90.28

24.49 10.57 -90.47

24.30 10.93 -90.39

24.66 10.35 -90.77

24.47 09.58 -90.62

24.26 10.46 -90.58

24.75 09.86 -90.62

24.86 10.03 -90.69

23.96 09.92 -90.94

24.58 10.35 -91.05

24.88 10.11 -90.79

24.92 10.18 -90.84

24.73 10.12 -90.97

24.52 10.29 -90.32

24.68 10.74 -90.88

24.71 10.14 -90.49

24.30 10.31 -90.43

24.54 10.24 -90.30

24.54 10.67 -90.41

23.98 10.18 -91.03

24.69 09.86 -90.47

24.82 10.09 -90.67

24.13 10.29 -90.62

24.11 09.90 -90.60

24.22 09.90 -90.00

24.28 10.03 -90.11

24.69 09.97 -90.17

24.56 10.26 -90.45

24.30 09.49 -90.58

24.52 09.92 -90.77

24.24 09.86 -90.97

24.92 09.71 -91.50

24.62 09.75 -91.24

24.11 09.75 -91.48

24.34 10.26 -91.42

24.81 10.14 -91.63

24.39 10.09 -91.20

24.39 10.03 -91.37

24.90 09.97 -91.27

24.68 09.90 -90.73

24.68 10.46 -90.96

25.01 09.58 -90.54

24.17 10.22 -90.67

24.54 10.33 -90.94

24.62 10.35 -90.67

24.47 10.09 -90.83

24.66 10.31 -90.90

24.45 10.05 -90.86

24.52 10.12 -90.36

24.88 09.97 -90.69

24.94 09.99 -91.26

24.38 10.22 -90.73

24.71 10.11 -90.96

24.56 10.26 -91.14

24.69 10.42 -91.18

24.86 10.22 -91.05

24.58 09.97 -91.16

24.26 10.01 -91.27

24.69 10.35 -90.71

24.79 10.31 -90.21

24.69 10.29 -90.32

24.38 10.07 -89.77

24.36 10.22 -90.43

24.45 10.24 -90.58

24.58 10.82 -90.49

24.39 10.03 -90.49

24.52 10.14 -90.99

24.77 09.82 -92.16

24.82 09.75 -92.53

24.39 10.14 -92.92

25.01 09.49 -93.17

24.45 09.30 -93.41

25.37 09.88 -93.47
