
Waveshare Test Program ...


-9.69 -1229.19 -90.28

-9.73 -3686.85 -90.30

-9.77 -1229.31 -90.60

-9.73 -2458.29 -90.08

-9.60 -3686.59 -89.92

-9.54 -1229.49 -90.56

-10.07 -1229.59 -89.92

-9.82 -3686.72 -90.11

-9.54 -3686.87 -89.77

-9.60 -2458.33 -89.29

-9.94 -1229.44 -89.72

-9.49 -1229.51 -89.76

-9.82 -1.27 -89.64

-9.77 -3686.89 -89.89

-10.29 -2458.12 -89.55

-9.79 -1229.53 -89.62

-9.45 -0.64 -89.08

-9.09 -0.66 -89.53

-9.36 -1229.62 -89.85

-9.09 -2458.22 -89.74

-9.77 -1229.51 -89.42

-9.58 -2457.99 -89.70

-9.81 -0.84 -89.38

-9.51 -0.73 -89.92

-9.51 -2457.81 -89.70

-9.51 -2458.20 -89.77

-9.71 -1.07 -90.09

-9.67 -1229.29 -89.83

-9.32 -2458.42 -89.77

-9.79 4914.99 -90.32

-9.43 -1229.57 -90.17

-9.56 4914.77 -89.34

-9.36 -0.56 -89.96

-10.07 -1229.42 -89.76

-9.60 -0.54 -89.92

-9.51 -2457.94 -89.61

-9.56 -2458.09 -90.22

-9.07 -1.07 -90.00

-9.30 -1229.59 -89.70

-10.03 -1229.72 -89.87

-9.43 -3686.91 -89.76

-9.49 -3686.77 -90.06

-9.15 -2457.97 -89.55

-9.45 -1229.66 -89.92

-9.71 -2458.24 -90.17

-9.81 -3686.74 -89.92

-9.94 -2458.07 -90.13

-9.77 -1229.66 -90.06

-9.21 -3687.00 -89.87

-9.22 -2457.90 -89.83

-9.73 -2458.26 -89.68

-9.34 -3686.91 -89.61

-9.22 -1229.89 -89.89

-9.41 -0.92 -90.02

-9.88 3686.25 -89.87

-9.92 -3686.46 -89.98

-9.13 -2457.90 -89.81

-9.90 -2457.79 -89.83

-9.38 -2458.48 -89.72

-9.56 -3686.51 -89.29

-10.01 -2457.73 -89.47

-9.86 -3686.64 -89.70

-9.30 -2457.92 -89.62

-9.06 -2457.92 -89.51

-9.94 -3686.68 -89.33

-9.71 -0.69 -90.09

-9.53 -3686.79 -90.06

-9.71 -2457.88 -89.72

-9.64 3686.14 -90.02

-9.66 4914.79 -89.40

-9.82 -3686.51 -89.64

-10.16 -1229.53 -89.57

-9.41 -3686.64 -89.81

-9.39 4914.73 -89.38

-9.30 -2458.11 -89.29

-9.73 -2458.05 -89.42

-9.51 -1229.66 -89.57

-9.41 -2457.73 -89.98

-9.30 -1228.91 -89.12

-9.53 -3686.62 -89.16

-9.51 -0.56 -89.46

-9.21 -3686.92 -89.89

-9.28 -1229.29 -89.31

-9.32 -2458.18 -89.49

-9.17 -3686.55 -89.66

-9.73 -1229.31 -89.51

-9.51 -3686.47 -89.38

-9.66 -2457.88 -89.47

-9.60 -1229.21 -89.49

-9.71 -2458.05 -89.79

-9.30 -2458.28 -89.57

-9.32 -1229.16 -89.59

-9.67 -2457.67 -89.94

-9.02 -1229.51 -89.61

-9.88 -2458.16 -89.51

-9.75 -1229.33 -89.87

-9.69 -1229.23 -90.24

-9.97 -3686.74 -89.85

-9.92 -3687.00 -89.92

-10.03 -1229.68 -90.08

-9.38 -3687.11 -90.19

-9.67 -2458.05 -90.30

-9.53 -2457.88 -90.73

-9.07 -2458.12 -90.08

-10.20 -1229.29 -90.11

-9.24 -1229.08 -90.43

-9.19 -1229.42 -90.47

-9.28 -1229.34 -91.14

-9.38 -1229.51 -90.83

-9.15 -0.77 -90.97

-9.39 -2458.22 -90.75

-9.30 -1.18 -90.99

-9.04 -2458.54 -90.17

-9.36 -0.81 -90.86

-9.66 -1229.53 -90.04

-9.73 -0.88 -90.36

-8.94 -1229.44 -90.38

-9.69 -1229.47 -89.87

-9.30 -2457.88 -90.26

-9.86 -3686.92 -89.94

-9.69 -1229.72 -90.13

-10.03 -1229.55 -89.04

-9.39 -2457.97 -89.49

-9.71 -1229.66 -89.38

-9.60 4914.84 -90.09

-9.67 -2457.92 -89.91

-9.51 -1229.64 -90.22

-9.77 -2458.46 -89.74

-9.07 -2457.97 -89.76

-9.54 -1229.64 -88.88

-8.94 -3686.72 -89.16

-9.54 -2458.33 -89.47

-10.07 -3686.70 -89.23

-9.86 -2458.35 -89.40

-9.79 -1229.23 -89.34

-9.79 -3686.55 -89.64

-9.28 -2458.11 -90.11

-9.49 -2457.88 -89.77

-10.11 -2458.35 -89.31

-9.51 -0.90 -89.27

-9.41 -3686.68 -89.46

-9.53 -1229.14 -89.33

-10.37 -1229.31 -89.34

-9.49 -2458.20 -89.31

-9.28 -1229.62 -89.25

-9.34 -2457.86 -89.55

-10.22 -2458.18 -89.08

-9.71 -0.77 -89.29

-10.01 -0.88 -89.29

-9.62 -1229.53 -89.42

-9.90 -1229.14 -89.57

-9.88 -2457.82 -89.79

-9.53 -2457.96 -89.62

-10.29 -1229.44 -90.06

-9.71 -1229.61 -89.89

-9.47 -2458.24 -89.81

-9.32 -1229.44 -89.77

-9.15 -1229.70 -89.98

-10.03 -1.16 -89.89

-9.09 -1229.19 -90.04

-9.92 -3687.00 -89.94

-9.32 -1229.66 -90.09

-9.32 -2457.96 -89.59

-9.94 3686.21 -89.51

-9.62 4914.75 -89.92

-9.41 -0.79 -90.22

-9.71 -2458.67 -89.92

-9.41 -1229.47 -90.28

-9.13 -1229.27 -89.94

-9.66 -1229.42 -89.98

-9.66 -0.99 -90.19

-9.62 -2457.88 -90.64

-9.26 -2458.03 -90.19

-9.51 -0.84 -89.94

-9.32 -1229.49 -89.81

-9.94 -2458.14 -90.54

-9.11 -0.86 -89.85

-9.54 -3686.53 -90.54

-9.71 -1229.64 -89.72

-9.26 -1229.57 -90.02

-9.11 -2458.18 -89.76

-9.73 -2458.35 -90.38

-9.71 -3686.83 -89.76

-9.79 -3686.74 -90.69

-9.58 4914.96 -89.91

-9.53 -0.92 -90.08

-9.45 -1229.57 -90.02

-9.86 -1229.66 -89.57

-9.49 -2458.54 -89.85

-9.54 -1229.55 -89.79

-9.56 -1229.38 -90.00

-9.22 -1229.81 -90.36

-9.56 -2458.03 -90.09

-9.66 -1229.25 -89.98

-9.21 -3686.77 -89.96

-9.71 -1.12 -89.94

-9.86 -0.90 -89.85

-9.71 -3686.76 -89.68

-9.60 -1229.76 -89.89

-9.66 -3686.68 -89.76

-9.30 -1229.42 -89.33

-9.45 -2457.99 -89.23

-10.18 -1229.31 -88.89

-9.84 -0.79 -89.29

-9.86 -2458.03 -89.08

-9.53 -3686.87 -89.64

-9.81 -3686.57 -89.38

-10.03 -2457.88 -89.68

-9.71 -3686.83 -89.27

-9.86 -3686.74 -89.34

-9.82 -2457.88 -89.53

-9.66 4914.88 -89.31

-9.60 -1229.17 -89.62

-9.34 -2457.81 -89.94

-10.29 -1229.76 -89.36

-9.92 -1229.16 -89.51

-9.58 -1229.44 -89.51

-9.53 4914.84 -89.57

-9.41 -2457.90 -89.57

-9.15 -1229.38 -90.06

-9.36 3686.23 -89.01

-9.66 -3686.79 -89.76

-9.51 -2457.99 -89.53

-9.54 -1229.59 -90.17

-9.45 -3686.81 -89.62

-9.66 -1229.29 -89.81

-9.45 -1229.38 -89.36

-9.22 -3686.85 -89.44

-9.73 -2458.18 -89.62

-9.77 -2457.81 -89.76

-9.79 -1229.04 -89.59

-9.36 -1229.23 -89.44

-9.15 -0.66 -89.33

-9.64 -1229.40 -89.83

-9.66 -1229.23 -89.74

-9.51 -1229.23 -90.00

-9.67 -2458.22 -89.66

-9.94 -1229.49 -89.79

-8.96 -0.75 -89.92

-9.73 -0.73 -89.81

-9.36 -1229.31 -89.14

-9.32 -2458.11 -89.72

-9.88 -2457.71 -89.87

-9.60 -0.75 -90.21

-9.60 -2458.14 -89.81

-9.39 -1229.47 -89.98

-9.82 -0.45 -90.21

-9.22 -2457.96 -90.30

-9.22 -1229.76 -90.36

-9.41 -2458.37 -90.24

-9.38 4914.64 -90.13

-9.17 -1229.55 -90.52

-9.82 -2458.14 -89.72

-9.77 -2458.31 -90.32

-9.47 -0.94 -90.45

-9.39 -0.73 -90.28

-9.60 -1229.72 -90.00

-9.07 -0.43 -90.38

-9.38 -3686.68 -90.39

-9.56 -1229.72 -90.13

-9.64 -1229.61 -90.28

-9.28 -1229.47 -90.30

-9.49 -1229.33 -89.83

-9.58 -1229.61 -89.33

-9.49 -1229.40 -90.11

-10.07 -2458.44 -89.57

-9.09 -0.71 -89.76

-9.09 -2457.75 -89.89

-9.47 -3686.85 -89.74

-9.28 -1229.55 -89.62

-9.88 -2458.26 -89.74

-9.99 -0.64 -89.87

-9.41 -1229.27 -89.77

-9.75 -2458.16 -89.79

-9.60 2457.54 -89.33

-9.90 -2457.97 -89.49

-10.05 -1229.16 -90.17

-9.90 -2457.97 -89.68

-9.58 -2457.97 -89.61

-9.64 -1229.57 -89.40

-9.51 -3686.62 -89.31

-9.26 -4915.03 -89.70

-9.84 -2458.03 -89.66

-9.47 -3686.57 -89.81

-9.38 -3686.83 -89.59

-9.49 -1229.47 -89.72

-9.75 -2458.01 -89.49

-10.07 -2458.12 -89.49

-9.69 -2457.99 -89.59

-9.75 -3686.59 -89.66

-9.64 -1229.14 -89.04

-9.66 -2458.01 -89.08

-9.90 -3686.46 -89.36

-9.24 -1229.16 -89.79

-10.11 -0.75 -89.85

-9.67 -1229.76 -89.59

-9.64 -3686.46 -89.10

-9.73 -2457.90 -89.70

-9.54 -2457.96 -89.25

-9.00 -3687.02 -89.17

-9.00 -2458.12 -89.55

-9.97 -1229.33 -89.49

-9.79 -3686.74 -90.15

-9.51 -1229.06 -89.68

-9.28 -1229.06 -89.79

-9.36 -2457.96 -90.24

-9.60 -2458.11 -90.00

-9.79 4915.11 -89.83

-9.62 -3686.27 -90.17

-9.51 -1229.51 -90.17

-9.22 -2457.84 -90.00

-9.56 -2457.73 -89.44

-9.19 -1229.40 -90.09

-9.92 -1230.00 -89.81

-9.13 4914.51 -89.79

-9.53 -2457.82 -89.53

-9.60 -3686.55 -89.31

-9.49 -2457.99 -89.14

-10.12 -2457.96 -89.01

-9.81 -1229.40 -89.25

-9.88 4914.73 -89.44

-9.73 -3686.47 -89.76

-9.21 4914.92 -89.53

-9.79 -3686.72 -89.47

-9.81 -0.73 -89.46

-9.77 -2458.48 -90.15

-9.41 4915.01 -89.57

-9.38 -2458.03 -89.72

-9.62 -2458.37 -89.68

-9.84 -3686.64 -90.19

-9.62 -1.18 -89.57

-9.32 -0.64 -89.81

-9.81 -1229.34 -91.11

-9.53 -2458.03 -90.00

-9.75 -1229.59 -90.11

-10.03 -1229.38 -89.83

-9.84 -1229.08 -89.66

-9.56 -2458.22 -90.11

-9.62 -2458.05 -90.21

-9.58 -3686.32 -90.06

-9.86 3686.25 -90.26

-10.03 -2458.16 -89.85

-10.11 -0.56 -89.53

-9.77 -1229.74 -90.02

-9.73 -2457.96 -90.00

-9.60 -1.16 -90.02

-9.30 -2458.11 -90.15

-9.30 -1.22 -90.24

-9.73 -1229.74 -90.26

-9.82 -0.64 -90.45

-9.26 -2458.03 -90.34

-9.53 -1229.27 -90.60

-9.53 4915.03 -90.15

-9.92 -2458.14 -90.41

-9.38 -0.79 -90.04

-9.86 -1229.21 -90.34

-9.97 -3686.87 -90.04

-9.11 -1229.02 -90.41

-9.64 -3686.79 -90.58

-9.51 -0.97 -90.52

-9.56 -2458.20 -90.13

-9.19 -1229.66 -90.60

-9.64 -2458.09 -90.24

-9.60 -1229.49 -89.36

-9.34 -1229.27 -89.72

-9.64 -3686.77 -89.14

-9.64 -1229.42 -89.38

-9.84 -2458.20 -89.08

-9.86 -0.51 -89.17

-9.45 -1229.55 -89.06

-9.62 -1229.53 -89.01

-9.22 -3686.70 -88.91

-9.21 -1229.38 -89.87

-9.45 -3686.70 -90.08

-9.64 -1229.72 -90.41

-9.51 -1229.61 -90.06

-9.45 -0.86 -90.30

-9.77 -3686.57 -90.15

-9.49 -2458.20 -90.11

-9.39 -1229.59 -89.96

-9.51 -1229.21 -89.76

-9.77 -2457.73 -89.61

-9.75 -1229.04 -89.61

-9.47 -3686.59 -89.85

-9.90 -1229.38 -89.76

-9.94 -2458.09 -89.77

-9.38 -1229.38 -89.74

-9.45 -1228.99 -89.94

-9.51 4915.05 -89.62

-9.38 -2458.44 -89.38

-9.99 -0.81 -89.27

-10.16 -1229.47 -89.64

-9.26 -1229.38 -89.94

-9.34 -2458.11 -89.59

-9.90 -1229.55 -89.31

-9.54 4915.03 -89.53

-9.58 -1.03 -89.70

-9.11 -1229.49 -89.23

-9.88 -0.64 -89.77

-9.60 -3686.64 -89.89

-9.66 3686.25 -89.49

-9.81 -1229.62 -89.31

-9.41 -1229.72 -89.02

-9.97 -0.88 -89.29

-9.30 -1.29 -89.46

-8.70 -2458.05 -88.97

-9.82 -1229.42 -89.36

-9.92 -3686.83 -90.24

-9.82 -2457.67 -88.91

-9.51 -2457.86 -89.49

-9.30 -2458.29 -90.13

-9.81 3686.51 -89.74

-9.54 -2457.86 -89.59

-9.90 -1229.29 -89.91

-9.56 -1229.46 -89.89

-9.34 -1229.44 -89.74

-9.38 -1229.25 -89.01

-9.90 -1229.02 -89.47

-10.24 -2458.05 -89.17

-9.60 -3686.32 -89.23

-9.94 -1229.62 -89.16

-9.84 -0.62 -89.46

-9.77 -3686.49 -89.27

-9.43 -2457.60 -89.08

-9.41 -1229.40 -89.01

-10.14 4914.94 -89.27

-9.73 -1229.49 -89.46

-9.47 4914.71 -89.44

-9.51 -0.77 -89.29

-9.53 -0.69 -89.91

-9.67 4914.96 -89.68

-9.09 4914.97 -89.89

-10.07 -0.77 -89.27

-9.36 -3686.79 -89.01

-9.92 -3686.57 -88.65

-9.90 -1229.61 -88.58

-9.41 -1229.47 -89.19

-9.53 -1229.27 -88.65

-9.86 -3686.57 -89.16

-9.30 -1229.38 -89.23

-9.38 -1229.25 -89.38

-9.49 -1229.55 -89.21

-9.92 -1229.38 -88.97

-9.36 -1229.34 -89.10

-9.19 -2458.37 -89.21

-9.39 -3686.51 -89.55

-9.45 -3686.96 -89.77

-9.62 -2457.97 -89.16

-9.69 -1229.34 -89.68

-9.64 -1229.17 -89.53

-9.56 -0.84 -89.51

-9.73 -1229.19 -88.82

-9.38 -1229.29 -89.89

-9.90 -3686.57 -88.86

-9.71 -1229.17 -88.95

-9.82 -1.03 -88.74

-9.75 4914.68 -88.67

-9.79 -3687.00 -89.59

-10.11 -2458.20 -88.97

-9.11 -3686.61 -89.19

-9.39 -3686.76 -89.55

-9.84 -2458.16 -88.93

-9.81 -2457.99 -89.55

-8.96 -3686.89 -89.55

-9.58 -3686.79 -89.46

-9.82 4914.84 -89.38

-9.60 -2457.84 -89.16

-9.51 -3686.81 -88.99

-9.49 -1229.57 -88.93

-9.96 -2458.44 -89.64

-9.56 -1229.81 -89.38

-9.92 -1229.04 -89.38

-9.30 -3686.77 -88.88

-9.43 -1229.16 -89.21

-9.53 -2457.81 -88.61

-10.01 -1229.59 -89.33

-9.24 -1229.47 -89.42

-9.69 -3686.40 -89.49

-9.45 -1229.59 -89.29

-9.53 -1229.44 -89.25

-9.49 -2457.92 -88.86

-9.99 -1229.72 -89.21

-9.67 -2458.33 -89.51

-9.77 -3686.46 -89.31

-10.18 -1229.38 -89.01

-9.56 -2458.22 -89.23

-9.43 -2458.33 -89.38

-9.53 -3686.91 -89.25

-9.34 -2457.88 -89.04

-9.73 -1229.38 -89.36

-10.18 -2457.79 -88.69

-9.56 -4914.86 -88.69

-9.28 -3686.42 -89.42

-9.41 -2457.90 -89.01

-9.17 -2457.97 -89.16

-9.56 -3686.94 -89.02

-9.75 -1229.19 -89.25

-10.05 -3686.38 -88.89

-9.58 -1229.53 -89.19

-9.67 -0.45 -89.44

-9.26 -2458.09 -89.49

-9.51 -2457.97 -89.55

-9.92 4915.01 -89.49

-9.32 -2458.07 -89.40

-9.36 -2458.42 -89.55

-9.81 -3686.74 -89.79

-9.11 -2457.73 -89.14

-9.54 -2458.11 -89.17

-9.19 -3686.51 -89.62

-9.51 4914.97 -89.98

-9.71 4915.01 -89.83

-9.28 -1229.40 -89.83

-9.66 -0.75 -89.47

-9.56 -2458.01 -90.26

-9.11 -2458.07 -89.83

-9.47 4914.96 -89.85

-9.90 -1229.53 -89.44

-9.71 -1229.47 -89.44

-10.03 -3686.44 -89.40

-9.82 -2457.88 -89.29

-10.22 3686.61 -89.46

-9.45 -2457.88 -89.23

-9.66 -2458.41 -89.01

-9.77 4915.07 -89.47

-9.88 -1229.21 -89.62

-9.69 -3686.72 -89.62

-9.60 -2458.11 -89.61

-9.04 4914.69 -89.62

-9.53 -1229.49 -89.81

-9.11 -2457.96 -89.57

-9.64 4915.14 -89.85

-9.17 -1229.08 -89.55

-9.67 -2458.61 -89.10

-9.34 -2457.90 -88.74

-9.97 -2457.97 -89.06

-9.53 -2457.90 -89.64

-9.71 -2457.79 -90.19

-9.47 -1229.33 -89.46

-9.77 -1229.29 -89.76

-9.41 -3687.07 -89.31
