
Waveshare Test Program ...


24.28 08.21 -86.25

24.75 07.65 -85.74

24.28 07.82 -85.78

24.30 08.08 -85.78

24.34 07.82 -85.86

25.03 07.42 -86.02

24.13 07.97 -85.84

24.73 07.48 -85.86

24.75 07.91 -85.61

24.24 08.21 -86.21

24.24 07.39 -86.21

24.64 07.46 -86.12

24.84 08.46 -85.91

24.13 08.55 -85.82

24.39 08.34 -85.89

24.28 07.95 -86.04

23.94 07.88 -85.88

24.00 07.48 -85.86

24.51 07.91 -85.86

23.93 07.80 -86.40

24.54 08.61 -86.44

24.54 07.80 -85.46

24.43 08.16 -86.01

24.34 07.71 -85.58

24.39 08.36 -85.82

24.62 08.44 -86.01

24.58 08.25 -85.80

25.07 07.80 -85.63

24.52 08.14 -85.52

24.56 07.52 -85.54

24.21 08.10 -86.06

24.21 07.89 -86.04

24.68 08.12 -85.52

24.47 07.89 -85.59

24.21 08.21 -85.58

24.66 07.59 -85.44

24.54 07.89 -85.86

23.94 07.88 -85.72

25.35 07.93 -86.36

24.17 07.74 -86.14

24.84 07.82 -85.97

24.41 08.21 -86.16

24.34 07.67 -86.51

24.32 07.61 -86.51

24.60 07.88 -86.46

24.49 07.54 -86.21

24.43 08.21 -86.85

24.26 07.78 -86.96

24.58 07.69 -86.36

24.68 07.86 -86.64

24.17 07.88 -86.27

24.30 07.99 -86.94

24.15 08.19 -86.51

24.84 07.78 -87.32

25.09 07.84 -87.43

24.49 08.10 -86.46

24.77 08.66 -87.21

24.73 07.82 -87.24

24.56 08.12 -86.85

24.51 07.37 -87.24

24.36 07.67 -86.77

24.21 08.03 -86.85

24.69 07.86 -85.93

24.58 08.12 -85.93

24.32 07.67 -85.44

24.34 07.76 -85.99

24.28 07.93 -85.76

24.75 07.82 -86.38

24.32 08.38 -85.24

24.02 07.69 -85.84

24.54 07.78 -86.19

24.60 08.19 -85.69

24.92 08.03 -86.06

24.60 07.95 -85.71

24.24 08.27 -85.82

24.86 08.10 -86.25

24.52 08.34 -85.93

24.11 08.34 -86.31

24.17 08.27 -85.61

24.21 08.23 -86.16

24.54 07.89 -85.42

24.66 08.27 -86.12

24.17 07.95 -85.89

24.41 07.78 -86.23

24.68 08.08 -85.93

24.52 08.03 -85.95

24.58 07.88 -85.97

24.62 07.88 -85.76

24.84 08.04 -86.38

24.73 07.71 -85.69

24.09 07.48 -85.71

25.14 07.59 -85.48

24.62 07.59 -85.50

24.58 08.27 -86.46

24.75 07.76 -86.12

24.32 07.41 -85.88

24.32 07.67 -86.23

24.43 07.54 -85.59

25.24 08.44 -85.69

24.56 08.31 -86.01

24.26 07.89 -86.33

24.02 07.42 -85.69

24.73 07.44 -85.78

25.05 07.63 -86.36

24.34 08.01 -86.17

24.26 07.54 -85.22

24.94 07.86 -85.89

24.41 07.48 -85.71

24.32 08.12 -85.61

24.47 08.01 -85.95

24.66 08.03 -86.17

24.45 07.88 -86.27

24.34 08.14 -85.86

24.58 07.71 -85.63

24.69 08.06 -85.69

24.71 08.14 -85.74

24.45 07.76 -85.42

23.94 07.59 -85.59

24.39 08.21 -85.69

24.24 07.89 -85.80

24.11 08.08 -85.58

24.51 08.19 -85.42

23.93 07.89 -85.27

24.43 07.82 -85.37

24.41 07.69 -85.82

24.26 07.86 -86.08

24.32 07.57 -85.69

24.54 07.67 -85.35

25.20 07.86 -85.88

25.03 07.99 -85.91

24.54 07.97 -85.91

24.52 07.93 -85.59

24.84 07.48 -85.48

24.88 07.84 -85.71

24.92 07.78 -85.67

24.60 08.12 -85.76

24.26 07.91 -86.08

24.81 07.59 -85.63

24.71 08.32 -86.14

24.75 07.65 -85.97

24.43 07.93 -85.72

24.60 07.72 -86.14

24.52 07.88 -85.88

24.97 07.88 -86.23

24.96 07.76 -85.76

24.71 08.04 -85.59

24.54 08.29 -85.93

24.68 07.65 -85.29

24.45 07.89 -85.95

25.12 08.17 -85.84

24.45 07.74 -86.14

24.62 08.12 -86.12

24.41 07.63 -85.48

25.03 08.03 -86.06

24.84 07.91 -85.97

24.97 07.99 -86.70

24.77 07.88 -85.78

24.97 08.03 -85.89

24.15 07.76 -86.10

24.66 08.27 -86.08

24.38 07.99 -85.86

25.27 08.17 -85.54

24.39 07.99 -85.82

24.71 07.78 -85.42

24.92 07.63 -85.91

24.51 07.86 -85.65

24.81 08.04 -85.59

24.24 07.63 -86.01

24.75 07.52 -86.31

24.34 08.53 -86.10

24.92 08.19 -85.35

24.45 07.74 -85.41

24.60 07.57 -86.01

24.62 07.95 -85.86

24.97 08.08 -85.93

24.04 08.03 -85.84

24.45 08.38 -85.93

24.84 07.80 -85.99

24.64 08.29 -85.80

24.21 08.10 -85.54

24.30 08.27 -85.46

24.86 08.59 -86.19

24.38 07.46 -85.48

24.82 07.72 -86.12

24.11 07.56 -85.24

23.94 08.08 -86.10

24.45 07.50 -85.82

24.36 08.10 -85.46

24.60 07.93 -85.33

24.47 07.91 -85.91

24.88 07.74 -85.84

24.58 07.69 -85.48

24.34 07.65 -85.56

24.30 07.67 -84.96

24.73 07.63 -85.86

24.38 08.40 -86.04

24.56 08.03 -86.02

24.56 08.31 -85.71

24.56 07.95 -86.08

24.22 07.74 -85.58

24.41 07.26 -85.67

24.30 07.18 -85.78

24.79 07.86 -85.72

24.02 07.84 -86.02

24.52 07.50 -85.26

24.79 07.59 -86.40

24.19 07.84 -85.88

24.39 07.41 -86.44

24.62 07.80 -86.04

24.64 07.88 -86.36

24.90 08.03 -86.31

24.54 07.93 -86.55

24.75 07.78 -86.34

24.81 07.93 -86.33

24.68 07.89 -85.69

24.56 08.16 -85.95

24.66 08.16 -85.41

24.15 07.91 -85.46

24.81 07.61 -85.78

24.71 07.65 -85.35

24.26 07.72 -85.80

24.47 08.19 -85.58

24.66 07.39 -85.65

24.51 07.57 -85.82

24.90 07.86 -85.88

23.91 07.84 -85.67

24.17 08.61 -85.84

24.77 07.63 -85.69

24.99 08.03 -86.14

24.69 07.82 -86.08

24.62 08.14 -85.97

24.77 07.88 -85.93

24.73 07.88 -86.29

24.82 07.71 -86.64

24.71 08.21 -85.91

24.22 08.03 -85.67

24.15 07.80 -85.69

24.34 07.67 -85.41

24.45 07.61 -86.01

24.52 07.67 -85.33

24.36 07.72 -85.39

24.62 08.51 -85.95

24.56 07.03 -85.56

24.52 07.35 -85.18

24.71 08.06 -86.17

24.32 07.71 -85.63

24.75 07.39 -86.10

24.38 08.03 -86.23

24.86 07.76 -86.16

24.47 07.89 -86.25

25.03 07.86 -85.82

24.54 07.61 -85.76

24.84 07.76 -86.29

24.13 08.44 -85.88

25.03 07.78 -85.82

24.58 07.84 -86.02

24.41 07.82 -86.06

24.68 07.39 -85.52

24.69 08.17 -86.08

24.92 07.80 -85.35

24.43 08.16 -85.69

24.07 08.17 -85.69

24.07 07.88 -85.72

24.30 07.99 -85.82

24.32 08.25 -85.82

24.51 07.82 -86.12

24.09 07.46 -86.04

24.49 08.04 -85.63

24.84 08.38 -85.93

23.91 08.19 -85.72

24.49 07.82 -86.04

24.38 07.93 -86.08

24.28 08.10 -86.01

24.84 08.10 -85.56

24.24 07.88 -85.56

23.93 08.06 -85.50

24.51 07.97 -85.82

24.15 07.88 -84.84

24.02 07.89 -85.54

24.73 08.57 -86.04

25.12 07.39 -85.67

24.45 07.59 -85.72

24.58 08.08 -85.52

23.94 07.88 -85.56

24.66 07.88 -85.59

24.82 08.12 -85.14

24.43 07.31 -85.61

24.51 08.17 -85.63

24.81 08.06 -85.91

24.56 07.67 -85.74

24.19 08.16 -85.46

24.54 07.91 -85.99

24.30 07.76 -84.84

24.64 07.56 -84.81

24.43 08.19 -85.11

24.43 07.93 -85.37

24.54 08.21 -85.71

24.45 08.17 -85.69

24.62 08.17 -85.52

24.17 08.29 -85.65

24.47 07.95 -85.63

24.45 07.65 -85.52

24.60 08.03 -86.27

24.68 07.91 -85.42

24.51 07.80 -85.50

24.51 07.48 -85.80

24.47 08.08 -85.33

24.75 07.89 -85.84

24.19 07.67 -85.97

24.49 08.08 -86.31

24.56 07.56 -85.84

24.38 07.67 -85.89

23.96 08.21 -86.08

24.36 07.39 -86.36

24.79 07.71 -86.10

24.71 08.19 -85.86

24.11 08.03 -85.80

23.68 07.65 -86.02

24.28 07.69 -85.20

24.82 07.44 -85.42

24.77 07.84 -85.71

24.68 08.16 -86.16

24.39 07.69 -85.07

24.56 07.82 -85.58

24.75 08.36 -85.44

24.64 07.89 -86.10

24.19 07.72 -86.02

24.64 07.82 -85.39

25.01 08.55 -86.02

24.02 07.63 -85.61
