
Waveshare Test Program ...


-12.21 01.46 -90.02

-12.17 01.89 -90.66

-12.26 1229.94 -90.26

-12.60 01.46 -90.60

-12.41 01.54 -90.62

-12.07 01.29 -90.64

-12.28 01.29 -90.52

-12.45 01.67 -90.77

-12.13 01.61 -90.39

-12.47 02.29 -90.02

-12.34 01.74 -90.04

-12.17 01.69 -90.60

-11.68 1230.36 -90.28

-11.96 01.33 -90.62

-12.13 01.33 -90.83

-12.15 01.82 -90.36

-12.69 01.48 -90.86

-12.26 01.65 -90.52

-12.22 01.91 -90.62

-12.49 01.50 -90.43

-11.81 01.63 -90.75

-12.13 01.20 -90.75

-12.02 01.80 -90.79

-12.34 1230.06 -90.51

-12.39 01.46 -90.69

-12.24 1230.09 -90.96

-12.36 01.52 -90.41

-11.68 01.44 -91.20

-12.09 01.33 -91.09

-12.56 01.48 -90.96

-11.83 01.37 -90.69

-12.45 02.21 -90.38

-12.07 01.59 -90.75

-12.69 01.18 -90.08

-11.98 01.20 -90.39

-12.30 01.48 -90.22

-12.43 01.46 -90.69

-12.36 01.54 -89.94

-12.17 01.37 -90.45

-12.19 01.52 -90.39

-12.19 01.88 -90.04

-12.04 01.52 -90.45

-12.17 01.48 -90.15

-12.21 1229.76 -90.60

-11.89 02.01 -90.88

-11.66 01.50 -90.15

-12.04 01.31 -90.28

-12.43 01.76 -90.26

-11.91 01.03 -90.69

-12.30 01.39 -90.54

-12.24 01.63 -90.15

-12.17 01.31 -90.15

-12.30 01.50 -90.41

-12.19 01.27 -90.43

-12.09 1229.62 -90.69

-12.26 01.31 -90.58

-12.51 01.91 -90.51

-12.38 01.26 -90.30

-12.17 1230.21 -90.49

-11.72 01.88 -90.73

-12.60 1229.87 -90.79

-12.77 01.84 -90.34

-12.06 01.69 -90.36

-11.76 01.67 -90.62

-12.32 01.54 -90.58

-12.11 01.88 -90.51

-11.94 01.74 -90.54

-12.30 01.72 -90.52

-12.07 01.56 -90.45

-12.45 01.57 -89.87

-12.51 01.46 -90.45

-11.94 01.59 -90.19

-12.15 1230.58 -90.36

-12.28 01.29 -90.73

-11.76 01.35 -90.58

-12.24 01.14 -90.24

-12.32 01.09 -90.81

-12.22 01.26 -90.58

-12.67 01.09 -90.90

-12.11 01.18 -90.45

-12.17 1230.19 -90.62

-12.19 01.74 -90.79

-12.24 01.09 -90.81

-12.06 01.56 -90.43

-12.17 01.22 -90.66

-12.07 01.41 -90.77

-11.81 01.63 -90.02

-11.83 01.44 -90.60

-12.17 01.29 -90.54

-12.36 01.27 -90.58

-12.07 1230.38 -90.92

-12.02 01.59 -90.30

-11.91 02.04 -90.39

-11.81 01.67 -90.32

-12.13 01.59 -90.28

-12.28 01.89 -90.66

-12.32 01.41 -90.66

-12.13 1229.72 -90.52

-11.78 01.46 -90.26

-12.36 01.82 -90.73

-12.30 01.56 -90.62

-12.19 01.26 -90.39

-12.17 01.56 -90.67

-12.04 01.43 -90.58

-11.91 01.57 -90.49

-12.69 01.35 -90.02

-12.53 01.27 -90.71

-11.91 01.74 -90.24

-12.11 01.39 -90.36

-12.00 01.46 -90.43

-12.09 1229.94 -90.02

-12.21 01.88 -90.26

-12.09 01.80 -90.43

-11.94 01.71 -90.47

-11.87 01.63 -90.66

-12.06 01.33 -90.02

-12.32 01.56 -90.34

-12.24 01.20 -90.36

-12.36 01.97 -90.34

-11.94 01.20 -90.77

-12.34 01.26 -90.49

-11.89 01.72 -90.19

-12.26 01.24 -90.17

-11.92 1229.74 -90.00

-12.32 01.52 -90.22

-12.38 01.91 -90.11

-12.45 1229.89 -90.13

-11.96 00.97 -90.02

-11.98 00.92 -89.79

-12.49 01.93 -89.94

-12.13 01.35 -90.49

-11.94 01.29 -89.83

-11.92 01.29 -90.21

-12.32 01.59 -90.41

-12.38 01.09 -90.43

-11.79 01.35 -90.51

-11.96 1230.09 -90.30

-12.06 01.69 -89.83

-12.17 01.65 -90.22

-12.06 01.56 -90.39

-12.07 1230.00 -90.58

-11.85 01.18 -90.39

-11.98 01.44 -90.41

-12.06 01.56 -90.13

-12.64 01.26 -90.43

-12.39 01.61 -90.69

-12.19 01.89 -90.00

-12.02 01.69 -90.49

-11.64 01.72 -89.94

-12.71 00.92 -90.77

-12.26 01.59 -90.51

-12.22 01.61 -90.51

-12.04 01.12 -90.36

-12.39 1230.21 -90.66

-12.39 01.57 -90.52

-12.36 01.50 -89.89

-11.92 01.67 -90.43

-11.68 01.69 -90.24

-11.79 1230.54 -90.36

-12.36 00.97 -90.43

-11.91 01.52 -90.45

-12.81 01.31 -90.09

-11.92 1230.60 -89.91

-12.17 01.16 -90.00

-12.38 02.04 -89.81

-12.41 01.48 -89.87

-12.39 01.39 -90.36

-12.04 01.89 -89.92

-12.17 00.97 -89.92

-12.51 01.52 -90.09

-12.02 01.89 -90.36

-12.11 1229.61 -90.97

-12.47 01.59 -90.24

-12.17 1229.53 -90.64

-12.66 01.39 -90.08

-12.43 01.76 -90.86

-12.47 01.59 -89.98

-12.00 1230.04 -90.24

-12.13 01.27 -90.62

-12.06 00.97 -90.56

-12.66 01.33 -90.24

-12.34 1229.83 -90.19

-12.32 01.89 -90.11

-11.96 01.86 -90.51

-11.83 01.09 -90.73

-11.96 01.57 -90.56

-12.04 01.50 -90.51

-12.28 02.06 -90.43

-12.26 1230.45 -90.77

-11.83 01.57 -90.75

-12.32 01.33 -90.73

-12.04 01.39 -90.67

-11.87 01.72 -90.26

-11.72 01.91 -90.86

-12.21 01.97 -90.77

-11.79 01.29 -90.38

-12.30 01.65 -90.62

-12.43 01.37 -90.94

-12.36 01.07 -90.97

-11.89 1229.96 -90.45

-12.15 01.41 -90.83

-12.19 01.84 -90.66

-12.30 01.93 -90.51

-12.11 01.97 -90.52

-12.36 01.71 -90.00

-12.02 01.59 -90.21

-11.94 02.01 -90.00

-12.02 01.39 -90.19

-12.19 1230.66 -89.98

-11.76 01.76 -90.30

-12.41 01.74 -89.89

-12.21 01.57 -90.04

-11.38 01.46 -90.28

-12.26 01.27 -89.89

-11.87 01.50 -90.15

-12.34 01.46 -89.98

-12.22 01.11 -89.79

-12.00 01.69 -90.06

-12.39 01.18 -89.89

-12.15 01.57 -89.83

-12.90 01.50 -90.00

-11.87 01.37 -90.38

-12.00 01.11 -90.77

-12.28 01.86 -90.54

-12.28 1229.91 -89.94

-12.24 01.24 -90.28

-11.96 1230.04 -90.77

-12.26 1229.91 -90.17

-12.00 01.41 -90.54

-11.92 01.39 -90.39

-12.39 01.33 -89.98

-12.22 01.52 -90.39

-11.68 01.69 -90.41

-12.41 1229.98 -90.51

-12.54 01.33 -90.36

-12.24 01.31 -90.62

-11.62 01.24 -90.47

-11.89 1230.73 -90.41

-11.87 01.63 -90.51

-12.19 01.54 -90.51

-12.06 01.41 -90.30

-12.11 01.16 -91.16

-11.78 01.50 -90.99

-12.02 01.67 -90.52

-11.83 02.17 -90.90

-11.79 01.46 -90.21

-12.39 1229.89 -90.00

-11.78 01.61 -90.22

-11.46 01.24 -90.71

-11.79 00.94 -90.67

-11.76 01.84 -90.58

-12.11 1229.92 -90.49

-12.28 01.48 -91.03

-12.49 02.06 -90.79

-11.96 1229.62 -90.69

-11.89 01.29 -90.67

-12.13 01.52 -90.51

-12.00 01.86 -90.66

-11.68 01.56 -90.54

-11.74 1230.21 -90.77

-12.04 1230.08 -90.51

-12.45 01.16 -90.58

-12.49 01.20 -90.30

-12.09 01.09 -90.41

-11.70 1230.38 -90.69

-12.53 01.39 -90.51

-12.11 1230.11 -90.67

-11.57 1229.42 -90.47

-11.92 01.93 -90.32

-12.04 01.56 -90.75

-12.73 00.86 -90.64

-12.04 01.50 -90.84

-12.21 2458.76 -90.66

-12.32 01.50 -90.45

-12.11 02.02 -90.54

-11.68 00.99 -90.90

-12.41 01.29 -90.43

-12.13 01.84 -90.39

-11.61 01.56 -90.60

-12.26 1230.30 -91.11

-12.07 01.65 -90.67

-12.13 2459.03 -90.75

-12.04 01.09 -91.01

-12.04 01.12 -90.60

-11.87 01.78 -91.18

-12.17 1229.87 -90.49

-11.92 01.82 -90.86

-12.24 01.56 -90.90

-12.32 01.72 -90.92

-12.00 01.50 -90.67

-11.40 01.29 -90.67

-12.04 01.59 -90.97

-12.11 01.52 -90.90

-11.81 01.63 -90.84

-12.19 1230.11 -91.07

-11.91 1229.81 -91.31

-12.66 01.56 -90.96

-11.61 1230.34 -90.60

-12.39 1229.94 -90.49

-11.91 01.56 -91.09

-12.58 01.39 -90.92

-11.96 1230.43 -90.60

-12.15 1230.08 -90.60

-12.04 01.37 -91.14

-12.26 01.20 -90.88

-11.74 01.27 -91.14

-12.47 1230.02 -91.22

-12.17 01.20 -91.39

-11.98 1229.81 -91.52

-12.32 01.18 -91.11

-11.91 1229.61 -91.82

-12.43 01.41 -91.44

-11.96 00.75 -91.72

-12.04 1229.79 -91.52

-12.26 01.61 -91.37

-11.59 01.89 -91.67

-11.91 1230.13 -91.61

-12.26 01.14 -92.06

-11.85 01.14 -91.74

-11.68 2458.14 -91.89

-12.19 01.24 -91.95

-12.00 01.20 -92.47

-12.22 01.07 -91.48

-11.98 00.88 -90.99

-11.68 01.29 -90.99

-12.41 01.59 -90.75

-12.02 00.92 -91.03

-12.06 01.50 -90.52

-11.74 01.07 -90.30

-12.02 01.82 -91.01

-11.89 01.50 -91.16

-11.79 1230.19 -91.24

-12.22 01.43 -91.26

-11.98 01.88 -91.16

-12.11 01.57 -91.14

-11.91 01.63 -90.83

-11.70 01.72 -91.07

-11.66 01.54 -91.18

-12.28 1229.92 -90.96

-12.00 01.61 -90.49

-12.43 1230.22 -90.75

-11.55 01.41 -90.77

-12.19 01.84 -90.49

-11.72 1230.00 -90.38

-12.19 01.88 -90.24

-12.39 01.27 -90.11

-12.26 01.14 -90.71

-12.13 01.41 -90.22

-12.02 01.50 -89.74

-12.24 1230.15 -90.24

-12.39 01.80 -90.28

-12.28 01.82 -90.66

-12.32 01.89 -90.60

-12.09 1229.96 -90.62

-12.53 1229.91 -90.30

-12.17 01.24 -90.97

-12.15 01.26 -90.88

-12.36 01.93 -90.83

-12.47 01.43 -90.62

-11.96 01.57 -90.90

-11.91 01.37 -90.77

-12.26 01.14 -90.99

-12.26 01.52 -90.92

-11.83 00.99 -90.62

-12.17 01.39 -90.73

-11.87 01.37 -90.79

-12.60 02.12 -90.90

-12.28 01.50 -90.30

-12.22 01.67 -90.92

-12.24 01.67 -90.43

-12.19 01.71 -90.97

-12.13 01.56 -89.96

-12.47 01.52 -90.92

-12.38 01.86 -90.47

-12.21 02.01 -90.38

-11.92 01.43 -90.56

-12.38 02.08 -90.26

-11.81 01.91 -90.22

-12.15 01.88 -90.54

-12.13 01.24 -90.51

-12.21 1230.02 -90.69

-12.00 01.67 -90.56

-11.98 2458.59 -90.69

-11.91 01.57 -90.69

-12.13 01.43 -90.22

-12.36 01.63 -90.41

-12.09 01.03 -90.39

-12.15 01.65 -90.41

-12.30 01.41 -89.98

-12.47 1230.21 -90.09

-12.39 01.89 -90.69

-12.13 2458.71 -90.45

-12.67 01.78 -90.28

-12.66 01.72 -90.17

-12.07 01.80 -89.98

-12.38 01.56 -89.85

-12.15 01.39 -90.51

-12.07 1230.21 -90.06

-12.17 01.69 -90.13

-12.41 01.86 -90.04

-11.79 1230.17 -90.06

-12.13 01.61 -90.26

-12.30 01.84 -90.24

-12.60 01.76 -89.96

-12.64 02.12 -90.11

-12.11 01.56 -90.62

-12.00 01.33 -90.97

-12.04 01.67 -90.39

-11.68 2458.99 -90.54

-12.21 01.84 -90.54

-12.62 01.41 -90.99

-12.15 1230.15 -91.09

-11.68 01.67 -90.67

-12.11 01.84 -90.99

-11.94 01.46 -91.37

-11.91 01.24 -91.27

-12.09 01.39 -91.27

-12.22 01.80 -91.44

-11.64 01.74 -90.58

-12.19 02.04 -90.22
